genome_config <- list(
  "Mouse" = list(
    genomeName = "mm10",
    initialLocus = "chr7:44,575,565-44,654,122"
  )
)